2006.asc
ncols         652
nrows         594
xllcorner     271106.72
yllcorner     4178525.2
cellsize      1
NODATA_value  -9999
[rows 261 to 289 of 594, columns 268 to 334 of 652]
2109.833 2111.06 2110.99 2110.07 2108.3 2108.26 2106.83 2106.83 2106.13 2105.36 2106.15 2105.84 2105.7 2105.84 2104.2 2104.2 2102.57 2102.19 2101.51 2096.63 2096.63 2098.51 2096.711 2094.75 2093.32 2092.87 2092.68 2089.86 2089.86 2089.984 2088.863 2086.03 2086.03 2084.27 2083.89 2080.43 2080.43 2079.08 2078.44 2074.79 2073.18 2072.75 2072.55 2072.09 2071.1 2070.28 2069.94 2069.94 2070.01 2067.59 2067.04 2067.23 2066.26 2066.26 2062.85 2062.02 2060.9 2059.82 2058.43 2058.29 2057.71 2057.57 2052.85 2051.92 2051.74 2049.69 2049.21
2109.222 2109.012 2110.99 2109.72 2108.3 2107.41 2106.51 2106.03 2105.59 2105.24 2105.24 2105.36 2105.36 2105.7 2104.2 2104.2 2102.38 2102.08 2098.13 2095.65 2095.65 2096.14 2094.9 2094.29 2093.32 2091.58 2092 2088.98 2088.98 2089.41 2086.47 2085.63 2085.63 2082.66 2081.66 2080.43 2080.32 2079.08 2077.77 2075.53 2075.53 2072.9 2072.74 2072.09 2071.1 2070.86 2070.18 2069.62 2068.51 2067.99 2067.23 2066.19 2066.04 2066.04 2062.85 2061.99 2061.62 2059.69 2059.18 2058.43 2057.71 2057.57 2052.85 2051.92 2051.74 2049.48 2049.21
2108.481 2108.236 2107.878 2108.54 2108.26 2107.41 2105.69 2105.69 2105.31 2105.24 2100.02 2104.95 2104.95 2103.48 2101.693 2098.45 2098.27 2097.33 2097.33 2095.44 2095.04 2095.04 2094.9 2094.29 2094.29 2091.25 2091.25 2088.98 2088.98 2088.98 2086.47 2085.63 2085.63 2082.66 2081.37 2080.43 2080.27 2079.08 2077.77 2076.43 2076.05 2072.9 2072.74 2072.61 2071.13 2071.13 2070.26 2069.14 2068.44 2067.99 2067.71 2066.14 2065.88 2065.67 2062.85 2061.99 2060.03 2059.69 2059.59 2058.48 2058.27 2055.62 2055.62 2052.44 2050.79 2049.48 2048.94
2107.625 2107.367 2106.91 2106.91 2106.84 2106.66 2105.69 2104.9 2104.9 2099.96 2099.88 2099.88 2102.55 2102.55 2103.48 2098.45 2098.27 2097.33 2097.33 2095.44 2095.04 2095.04 2094.42 2094.06 2093.62 2091.25 2091.25 2088.98 2088.98 2089.64 2089.64 2085.92 2085.62 2082.66 2081.37 2081.09 2080.27 2079.34 2077.77 2077.09 2076.05 2073.97 2072.9 2072.92 2072.26 2071.6 2070.26 2069.14 2068.44 2068.06 2067.58 2066.14 2065.78 2064.25 2063.55 2062.73 2060.03 2059.94 2059.66 2058.07 2055.8 2055.62 2055.13 2052.27 2050.79 2050.79 2048.94
2106.332 2106.135 2106.77 2106.77 2106.28 2105.9 2105.99 2103.82 2103.62 2099.41 2099.33 2099.38 2100.06 2100.06 2099.657 2098.45 2098.45 2097.696 2097.33 2096.302 2095.44 2095.04 2093.95 2093.39 2093.39 2091.86 2091.25 2091.42 2090.09 2089.64 2089.64 2085.92 2085.62 2085.62 2081.37 2081.17 2081.17 2079.75 2079 2077.84 2076.84 2077.03 2073.81 2072.98 2072.26 2072.39 2070.55 2069.14 2069.13 2067.25 2067.25 2066.14 2065.78 2064.25 2063.55 2062.56 2059.96 2059.96 2059.625 2056.71 2055.8 2054.21 2053.47 2052.27 2050.79 2050.79 2049.37
2104.885 2104.728 2106.77 2105.11 2105.78 2104.73 2104.3 2103.82 2100.1 2099.41 2099.15 2099.02 2098.74 2098.74 2098.396 2097.891 2097.349 2096.768 2096.161 2095.479 2094.713 2094.16 2093.95 2093.39 2093.39 2093.21 2090.74 2090.74 2090.27 2089.9 2089.9 2086.12 2085.62 2085.62 2082.23 2081.3 2081.06 2080.49 2079 2078.74 2077.2 2077.18 2075.79 2072.98 2072.42 2072.42 2070.55 2070 2068.18 2067.25 2067.25 2066.03 2065.78 2064.52 2064.25 2062.56 2059.96 2059.96 2057.77 2056.71 2056.71 2054.08 2053.47 2052.53 2052.27 2051.41 2050.44
2102.822 2102.698 2102.557 2105.07 2104.3 2104.13 2103.27 2101.84 2100.1 2099.41 2099.1 2098.86 2098.74 2098.21 2098.74 2096.519 2096.064 2095.597 2095.072 2094.43 2093.838 2093.65 2093.61 2093.4 2092.78 2092.58 2090.74 2090.74 2090.27 2089.34 2088.79 2087.25 2086.09 2085.74 2082.5 2081.9 2081.06 2080.34 2079.74 2078.74 2079.74 2077.31 2075.79 2075.43 2073.08 2074.34 2072.01 2069.32 2068.18 2067.17 2066.76 2064.16 2063.44 2063.44 2063.44 2062.56 2060.01 2060.01 2057.77 2056.71 2055.94 2054.08 2053.47 2053.47 2052.7 2052.7 2052.53
2100.527 2100.313 2100.279 2105.07 2104.3 2103.33 2102 2101.84 2100.1 2099.73 2098.45 2098.22 2097.98 2097.98 2096.32 2096.32 2094.542 2094.192 2093.839 2094.22 2093.09 2093 2092.94 2092.29 2091.89 2092.29 2090.74 2090.74 2090.56 2089.34 2088.54 2087.25 2086.79 2085.74 2083.48 2081.9 2081.72 2080.34 2079.74 2079.74 2079.74 2077.78 2075.343 2074.039 2072.733 2072.77 2070.35 2068.86 2067.71 2066.75 2065.46 2064.16 2063.44 2063.44 2063.44 2063.641 2060.01 2059.47 2058 2057.77 2055.94 2054.08 2053.64 2053.64 2053.89 2055.55 2057.56
2097.851 2097.556 2097.476 2105.07 2105.07 2103.33 2102 2101.84 2100.26 2100.2 2098.45 2097.06 2097.02 2095.79 2095.46 2094.57 2094.57 2094.57 2092.539 2094.22 2093.09 2092.77 2092.77 2092.29 2091.53 2091.53 2091.43 2090.63 2090.17 2089.57 2088.54 2087.99 2086.82 2085.52 2084.97 2083.79 2083.4 2081.38 2080.34 2080.19 2080.46 2080.7 2080.7 2074.12 2072.735 2072.77 2069.92 2068.86 2067.71 2066.26 2065.46 2064.16 2064.16 2063.44 2064.13 2061.53 2060.41 2059.47 2058.99 2058.71 2055.94 2055.89 2055.89 2057.72 2057.86 2057.86 2065.61
2094.684 2094.384 2094.302 2094.19 2103.25 2103.25 2102 2102 2092.678 2092.55 2098.45 2097.06 2097.02 2095.3 2093.18 2093.01 2093.18 2094.57 2091.21 2093.03 2093.03 2092.77 2092.57 2092.26 2091.12 2090.99 2090.98 2090.12 2090.12 2089.57 2088.28 2087.99 2087.41 2085.52 2084.97 2084.97 2083.9 2081.97 2081.03 2081.03 2077.873 2080.7 2080.7 2074.157 2072.721 2072.77 2069.92 2069.24 2067.49 2066.26 2065.46 2064.91 2064.91 2065.77 2064.13 2061.53 2060.41 2059.47 2059.47 2058.71 2058.71 2061.09 2061.08 2063.23 2066.97 2065.72 2069.58
2091.813 2091.14 2090.994 2101.72 2100.14 2097.15 2089.892 2089.329 2089.175 2089.342 2095.18 2094.89 2094.62 2093.82 2092.12 2091.34 2092.12 2088.57 2089.92 2093.03 2093.03 2092.77 2092.57 2091.74 2091.12 2090.82 2090.59 2089.85 2089.85 2089 2088.28 2088.28 2087.41 2086.93 2085.49 2085.56 2084.8 2082.31 2081.03 2081.03 2077.746 2080.7 2080.7 2074.085 2071.06 2069.76 2069.39 2069.18 2067.44 2066.26 2065.84 2064.91 2064.91 2065.11 2064.13 2061.53 2060.44 2060.44 2059.53 2065.19 2065.19 2069.08 2066.49 2070.76 2073.07 2065.107 2069.58
2089.223 2088.087 2087.587 2101.72 2100.14 2086.78 2083.92 2082.45 2081.35 2082.34 2083.06 2094.89 2094.62 2093.82 2091.71 2082.95 2082.95 2088.57 2088.57 2093.11 2093.03 2093.04 2092.57 2091.12 2091.12 2090.13 2090.13 2089.85 2089.7 2089 2088.06 2088.06 2087.41 2086.93 2085.75 2085.56 2084.74 2084.74 2078.36 2078.36 2077.573 2076.384 2075.197 2073.982 2071.06 2069.76 2068.99 2068.67 2067.44 2067.41 2066.62 2065.81 2065.11 2065.7 2065.7 2066.12 2066.26 2065.78 2065.78 2069.08 2069.08 2075.62 2073.74 2073.92 2074.51 2075.63 2069.57
2101.57 2084.832 2083.734 2083.309 2100.14 2082.64 2081.32 2080.76 2080.23 2080.76 2082.34 2094.89 2094.62 2094.62 2082.19 2082.19 2082.19 2088.57 2086.88 2087.404 2087.894 2088.267 2088.639 2090.79 2090.79 2090.13 2090.13 2090.13 2089.7 2088.95 2088.06 2088.06 2087.54 2084.7 2085.8 2085.56 2081.05 2080.82 2078.36 2078.36 2076.93 2076.158 2072.91 2071.7 2071.01 2070.61 2068.99 2068.67 2067.52 2067.41 2067.41 2065.82 2065.7 2065.7 2065.7 2066.57 2069.08 2068.38 2068.38 2075.14 2075.62 2075.62 2075.7 2075.76 2075.63 2076.46 2068.82
2100.29 2084.83 2079.3 2078.42 2076.18 2076.18 2080.57 2079.98 2079.66 2079.66 2082.34 2081.134 2078.03 2078.03 2078.44 2081.55 2081.55 2082.19 2085.337 2085.952 2086.51 2087.06 2090.85 2090.18 2089.59 2089.62 2089.49 2089.48 2089.7 2088.95 2088.95 2087.93 2086.66 2086.58 2083.15 2083.15 2080.5 2080.17 2077.54 2077.23 2076.46 2074.09 2072.91 2071.7 2071.01 2070.61 2069.44 2068.67 2068.67 2068.71 2068.03 2068.03 2068.03 2068.05 2068.91 2068.91 2072.09 2079.21 2075.14 2075.14 2076.06 2076.06 2076.97 2077.22 2076.94 2076.94 2068.82
2082.96 2082.96 2073.38 2073.38 2073.86 2075.33 2075.33 2077.39 2075.18 2075.18 2071.45 2071.45 2072.32 2073.42 2078.44 2081.55 2081.55 2082.29 2083.831 2084.532 2085.232 2086.8 2089.75 2089.8 2089.42 2088.77 2088.77 2088.77 2089.47 2089.71 2088.25 2087.93 2086.66 2082.85 2082.85 2081.63 2080.16 2079.03 2077.54 2077.23 2075.97 2074.09 2072.91 2071.72 2071.01 2070.61 2069.65 2069.44 2068.71 2068.71 2068.03 2068.03 2068.71 2069.36 2081.55 2080.16 2080.16 2079.21 2079.21 2079.12 2076.97 2076.97 2077.99 2077.88 2077.22 2077.37 2075.61
2070.34 2069.84 2069.84 2072.97 2073.38 2074.45 2074.45 2071.85 2066.02 2067.46 2067.46 2070.79 2071.63 2073.42 2073.42 2080.93 2080.89 2082.29 2084.17 2084.44 2085.18 2086.8 2086.8 2088.78 2087.38 2087.11 2088.15 2088.3 2089.39 2089.53 2088.25 2088.08 2084.3 2082.85 2082.09 2080.65 2079.35 2078.92 2077.57 2076.85 2075.97 2074.06 2073.65 2072.91 2071.6 2071.18 2071.18 2069.65 2068.95 2068.95 2069.42 2080.85 2081.91 2081.55 2081.55 2081.15 2080.93 2080.93 2080.55 2080.04 2080.04 2078.92 2078.45 2078.34 2077.66 2077.66 2075.61
2068.49 2068.49 2066.34 2065.41 2065.41 2067.97 2064.36 2064.36 2066.02 2066.02 2067.46 2070.73 2070.73 2073.42 2073.85 2080.37 2079.66 2079.36 2083.1 2083.1 2084.87 2086.8 2089.73 2086.36 2086.36 2085.51 2085.64 2085.23 2086.83 2088.87 2088.47 2084.47 2083.57 2083.18 2081.06 2080 2079.35 2078.6 2077.72 2076.46 2075.21 2074.06 2073.65 2073 2071.91 2071.46 2071.3 2070.37 2070.13 2076.26 2077.67 2080.85 2082.33 2082.05 2082.05 2081.43 2081.24 2081.24 2080.67 2080.26 2080.33 2079.33 2079.08 2079.08 2078.52 2078.36 2075.69
2065.43 2063.94 2061.86 2062.77 2062.77 2062.91 2062.91 2062.91 2064 2065.76 2067.59 2069.66 2070.73 2073.85 2073.85 2078.74 2078.74 2078.74 2079.17 2079.17 2081.21 2081.953 2082.795 2086.14 2084.95 2084.95 2084.74 2084.74 2085.23 2088.87 2088.91 2084.46 2083.57 2082.69 2081.06 2079.83 2079.35 2078.5 2077.47 2076.46 2075.21 2075 2073.65 2073.04 2073.04 2072.05 2071.46 2077.38 2077.4 2077.4 2078.35 2076.956 2077.536 2082.33 2082.05 2082.24 2081.56 2081.29 2081.04 2080.51 2080.51 2079.74 2079.5 2079.5 2078.9 2078.58 2078.59
2064.72 2057.86 2057.86 2058.74 2060.59 2060.72 2062.91 2062.91 2063.84 2065.76 2065.88 2069.61 2069.61 2070.91 2072.18 2073.98 2077.5 2077.5 2078.63 2078.55 2078.67 2081.21 2081.63 2084.93 2084.88 2082.84 2082.84 2084.04 2086.83 2088.87 2085.41 2084.46 2083.04 2081.9 2081.9 2079.83 2079.65 2078.5 2077.47 2077.47 2075.81 2075 2073.81 2073.81 2073.5 2073.5 2077.25 2077.38 2078.16 2078.35 2079.39 2078.361 2078.906 2083.02 2082.28 2082.28 2082.6 2082.41 2081.24 2080.82 2080.67 2080.18 2080.02 2079.7 2079.05 2079.05 2078.73
2054.34 2057.86 2057.86 2058.74 2059.72 2059.72 2059.82 2061.43 2063.84 2063.96 2065.88 2068.25 2069.39 2070.91 2071.94 2074.26 2077.04 2076.99 2076.22 2077.57 2077.57 2078.87 2079.38 2080.19 2081.95 2081.95 2082.84 2083.87 2083.87 2083.885 2085.41 2085.19 2082.53 2081.7 2081.7 2080.28 2079.65 2078.69 2077.47 2077.47 2075.81 2075.11 2075.11 2074.6 2074.6 2076.49 2079.27 2079.97 2080.27 2080.27 2080.4 2079.886 2084.04 2083.02 2082.6 2082.6 2082.67 2082.41 2082.41 2081.23 2080.82 2081.06 2080.18 2080.02 2079.83 2079.32 2079.32
2054.34 2056.63 2057.86 2058.74 2058.39 2058.39 2059.16 2061.43 2061.43 2063.93 2066.05 2067.2 2068.25 2071.94 2071.94 2073.66 2074.82 2074.72 2074.72 2074.72 2076.67 2077.25 2078.53 2078.53 2078.63 2080.41 2080.41 2082.25 2082.63 2083.387 2085.41 2085.19 2082.38 2081.31 2081.31 2080.28 2079.68 2079.68 2078.69 2079.07 2079.14 2075.97 2075.97 2076.37 2077.96 2079.91 2083.18 2079.636 2079.919 2080.375 2084.86 2084.22 2084.04 2084.04 2083.02 2082.79 2082.81 2082.59 2082.41 2081.48 2081.26 2081.26 2080.65 2080.28 2080.28 2079.83 2079.54
2054.34 2054.03 2055.95 2055.95 2056.7 2058.39 2059.16 2060 2062.78 2064.36 2066.5 2067.2 2068.3 2072.36 2072.36 2073.32 2071.74 2073.92 2073.92 2074.26 2075.27 2075.66 2077.25 2077.32 2078.37 2079.17 2079.57 2081.31 2082.63 2083.131 2083.418 2083.485 2082.38 2081.31 2081.31 2080.28 2080.28 2081.624 2080.52 2079.6 2079.6 2078.85 2076.37 2079.37 2079.91 2080.33 2083.81 2081.12 2081.344 2081.762 2084.86 2084.22 2084.04 2084.04 2083.96 2083.52 2083.52 2082.72 2082.59 2081.99 2081.45 2081.45 2080.84 2080.66 2080.66 2080.25 2079.74
2052.03 2052.03 2053.32 2054.94 2056.17 2056.88 2059.16 2059.93 2062.78 2064.36 2065.57 2067 2068.75 2071.09 2072.49 2071.76 2071.74 2071.74 2073.11 2074.16 2074.16 2074.28 2075.57 2076.7 2077.32 2078.54 2079.17 2081.31 2082.63 2083.094 2083.576 2083.792 2083.851 2082.38 2081.31 2083.255 2083.01 2082.669 2080.62 2080.62 2080.06 2078.85 2078.85 2083 2080.33 2083.81 2083.81 2082.567 2082.714 2082.963 2085.85 2084.78 2084.78 2084.1 2084.02 2083.83 2083.83 2082.99 2082.73 2082.73 2082.11 2081.95 2081.19 2081.19 2080.88 2080.3 2080.16
2051.66 2051.66 2052.91 2054.94 2056.17 2056.38 2059.32 2060.32 2065 2064.73 2065.63 2067.36 2069.57 2068.32 2068.01 2070.07 2070.07 2071.74 2072.02 2072.86 2074 2074 2075.23 2076.59 2076.7 2078.54 2079.43 2080.8 2080.8 2083.416 2084.108 2084.487 2084.664 2084.627 2084.504 2084.361 2084.167 2084.79 2084.79 2084.41 2082.82 2082.55 2083 2086.24 2083.99 2086.13 2086.13 2083.847 2083.901 2084.017 2084.132 2084.195 2084.78 2084.95 2084.46 2084.01 2083.92 2083.32 2083.13 2083.13 2082.48 2082.08 2081.88 2081.65 2081.28 2080.74 2080.74
2050.63 2051.59 2052.51 2052.88 2055.36 2056.7 2059.82 2061.16 2062.09 2065.29 2065.44 2065.44 2066.29 2066.99 2066.99 2067.89 2070.02 2070.95 2071.17 2072.02 2072.86 2074 2075.23 2076.59 2077.26 2079.43 2079.36 2079.75 2080.8 2084.073 2084.95 2085.478 2085.766 2085.833 2085.796 2085.619 2085.81 2084.79 2084.79 2084.79 2084.41 2087.87 2086.25 2087.16 2087.36 2087.43 2087.43 2085.031 2085.003 2085.021 2085.033 2084.982 2085.49 2085.09 2085.09 2084.46 2084.01 2084.15 2083.4 2083.4 2082.9 2082.52 2082.52 2081.88 2081.52 2081.24 2080.9
2050.41 2051.59 2052.51 2052.51 2054.53 2057.17 2058.7 2061.63 2062.59 2063.36 2064.91 2064.9 2065.59 2066.27 2066.36 2067.61 2069.5 2069.93 2070.77 2070.77 2072.86 2074.97 2075.38 2076.45 2077.49 2079.43 2079.36 2079.36 2080.99 2085.098 2086.113 2086.687 2087.086 2087.223 2087.193 2088.35 2085.81 2084.79 2084.79 2086.85 2087.75 2087.87 2087.87 2087.36 2087.51 2087.43 2087.53 2086.097 2086.032 2085.961 2085.878 2085.726 2085.86 2085.47 2085.26 2084.8 2084.42 2084.15 2083.97 2083.7 2083.7 2082.9 2082.61 2082.23 2081.91 2081.91 2081.24
2050.26 2050.45 2052 2053.3 2054.53 2057.17 2057.71 2061.45 2062.14 2062.41 2064.44 2064.44 2064.44 2065 2065.42 2066.63 2067.96 2069.24 2069.93 2070.77 2075.41 2075.41 2076.24 2076.47 2077.57 2078.05 2079.36 2079.36 2081.05 2086.618 2087.526 2088.096 2088.497 2091.79 2090.05 2088.35 2087.39 2085.81 2086.85 2088.47 2088.61 2088.61 2088.11 2087.9 2087.9 2087.53 2087.82 2088.49 2087.64 2087.64 2087.22 2086.88 2086.88 2085.86 2085.47 2085.35 2084.81 2084.81 2084.42 2083.83 2084.07 2083.34 2082.97 2082.56 2082.23 2082.23 2081.61
2050.26 2050.29 2052 2053.41 2054.32 2055.24 2056.22 2057.71 2061.24 2062.01 2061.98 2063.24 2063.24 2064.36 2065.13 2065.49 2066.63 2067.96 2069.93 2070.77 2075.7 2075.7 2076.24 2076.47 2078.05 2078.05 2080.61 2080.61 2092.19 2092.42 2089.026 2089.498 2092.02 2091.79 2090.05 2089.04 2089.04 2089.16 2089.16 2089.36 2088.79 2088.67 2088.61 2088.3 2088.3 2088.12 2088.12 2088.49 2087.64 2087.64 2087.22 2086.88 2086.88 2086.16 2085.88 2085.35 2085.35 2085.02 2084.56 2084.29 2084.29 2083.69 2083.3 2083.3 2082.96 2082.41 2082.07
2049.66 2050.39 2052.34 2053.41 2054.32 2055.24 2056.22 2057.71 2059.04 2060.09 2061.05 2061.98 2062.76 2064.36 2065.13 2065.61 2066.71 2067.96 2072.93 2074.04 2074.89 2075.7 2076.47 2076.47 2078.13 2091.57 2093.55 2092.19 2092.42 2093.65 2090.581 2090.887 2092.02 2092.02 2090.05 2089.51 2089.51 2091.25 2089.67 2089.67 2089.51 2089.51 2090.03 2090.1 2088.67 2088.56 2088.49 2088.49 2088.66 2087.64 2087.22 2086.88 2086.88 2086.58 2086.21 2086.21 2085.75 2085.34 2085.08 2084.6 2084.6 2084.06 2083.68 2083.68 2083.13 2082.77 2082.77
