2006.asc
ncols         652
nrows         594
xllcorner     271106.72
yllcorner     4178525.2
cellsize      1
NODATA_value  -9999
[rows 29 to 57 of 594, columns 67 to 133 of 652]
1426.35 1426.82 1427.647 1428.273 1428.806 1429.28 1429.28 1429.97 1430.51 1430.51 1430.75 1431.37 1432.42 1432.42 1433.61 1433.61 1434.64 1435.92 1436.41 1437.2 1437.257 1438.03 1438.784 1439.479 1439.68 1440.39 1441.12 1441.12 1442.039 1442.507 1443.025 1443.715 1445.85 1445.67 1445.41 1445.94 1446.66 1446.85 1447.8 1447.83 1448.84 1449.01 1449.38 1450.37 1450.14 1450.73 1451.22 1451.96 1452.2 1452.68 1453.59 1453.482 1453.67 1454.59 1454.54 1454.49 1454.87 1455.39 1456.57 1456.57 1458.662 1459.606 1457.82 1457.82 1458.46 1459.69 1459.69
1426.82 1427.28 1428.034 1428.708 1429.255 1429.58 1429.58 1429.97 1430.51 1430.92 1431.68 1432.42 1432.42 1433.44 1433.72 1433.72 1436.14 1436.62 1437.2 1437.2 1438.57 1438.391 1439.156 1439.84 1440.397 1441.001 1441.58 1442.062 1442.469 1442.911 1443.383 1444.024 1445.85 1445.67 1445.85 1445.94 1446.66 1447.17 1447.8 1448.72 1449.33 1449.33 1450.75 1450.75 1450.73 1450.93 1452.05 1452.08 1452.62 1453.59 1453.59 1454.43 1454.61 1454.59 1454.74 1455.05 1455.06 1456.959 1456.57 1456.57 1456.71 1460.715 1461.878 1464.52 1462.29 1461.6 1461.6
1427.29 1427.29 1428.438 1429.091 1429.659 1430.06 1429.97 1430.877 1431.84 1431.84 1432.01 1432.37 1432.93 1433.44 1433.72 1434.04 1435.068 1435.832 1437.56 1437.56 1438.57 1438.57 1439.503 1441.33 1441.33 1441.81 1441.81 1442.412 1444.38 1444.38 1443.754 1444.321 1445.007 1445.85 1446.257 1447.18 1447.18 1447.8 1448.15 1448.72 1448.97 1449.68 1450.75 1451.12 1451.25 1451.53 1452.28 1452.28 1453.23 1454.19 1454.19 1454.19 1454.43 1454.78 1455.04 1456.61 1457.764 1458.494 1456.71 1456.71 1461.112 1462.361 1463.652 1464.52 1464.52 1466.217 1465.95
1427.26 1428.226 1428.809 1429.454 1430.001 1431.12 1431.46 1432.03 1431.84 1431.84 1432.01 1432.93 1433.78 1433.99 1433.99 1434.53 1435.389 1436.14 1437.56 1437.56 1438.57 1438.83 1439.859 1441.33 1441.33 1441.33 1441.81 1442.24 1444.38 1444.38 1444.38 1444.566 1445.23 1445.881 1446.561 1447.21 1448.11 1448.11 1448.72 1448.73 1449.36 1450.15 1450.92 1451.12 1451.56 1452.29 1452.29 1453.11 1453.11 1453.59 1454.19 1454.43 1454.7 1455.1 1455.37 1459.01 1462.99 1460.554 1461.266 1462.278 1463.475 1464.743 1465.946 1467.053 1468.032 1468.82 1469.743
1427.61 1428.12 1429.128 1429.75 1431.42 1431.12 1431.12 1431.46 1431.84 1431.84 1433.21 1433.21 1433.78 1434.06 1434.79 1435.6 1436.29 1436.509 1437.252 1437.993 1438.83 1439.451 1440.203 1441.33 1441.33 1441.7 1442.11 1442.24 1444.38 1444.38 1444.306 1444.826 1445.463 1446.166 1446.881 1447.549 1448.11 1448.11 1448.89 1449.4 1449.63 1450.15 1451.12 1451.43 1451.56 1452.29 1452.54 1453.11 1453.54 1453.59 1454.54 1454.54 1454.86 1455.39 1458.64 1461.93 1462.99 1462.808 1463.894 1465.043 1466.239 1467.36 1468.629 1469.785 1470.741 1469.78 1469.78
1427.64 1428.12 1429.23 1429.988 1430.91 1431.12 1431.12 1431.46 1432.03 1433.58 1433.58 1433.58 1434.06 1434.29 1435.5 1435.6 1436.29 1436.55 1438.24 1438.343 1439.098 1441.1 1441.1 1441.1 1441.46 1441.7 1442.11 1443.056 1443.554 1444.066 1444.562 1445.184 1445.851 1446.54 1447.234 1447.902 1448.527 1449.96 1449.63 1449.87 1450.18 1451.394 1451.43 1452.12 1452.13 1452.74 1452.96 1453.36 1453.54 1453.63 1456.35 1455.09 1456.03 1461.27 1461.27 1461.93 1463.939 1465.196 1466.464 1467.775 1469.012 1470.143 1471.325 1470.86 1470.86 1469.78 1469.78
1428.12 1428.68 1429.23 1430.193 1430.91 1431.31 1431.42 1431.79 1432.24 1433.16 1433.58 1434.18 1434.29 1434.64 1435.17 1436.29 1436.29 1437.14 1438.24 1438.625 1439.424 1440.78 1441.1 1441.1 1441.7 1441.92 1442.738 1443.253 1443.752 1444.305 1444.858 1445.549 1446.94 1446.94 1447.22 1448.241 1448.889 1449.96 1449.95 1449.95 1450.27 1452.32 1452.12 1452.12 1452.28 1452.92 1453.24 1453.59 1453.63 1453.85 1456.35 1456.35 1456.45 1460.73 1461.27 1463.89 1466.347 1467.778 1469.152 1470.516 1471.865 1472.942 1472.22 1470.86 1470.86 1469.78 1469.78
1428.68 1428.68 1429.23 1430.394 1431.31 1431.31 1431.82 1432.16 1432.63 1432.95 1434.18 1434.18 1434.41 1434.96 1435.5 1436.83 1436.83 1438.24 1438.24 1438.946 1439.692 1440.78 1440.78 1441.25 1441.87 1442.19 1442.69 1443.86 1443.896 1444.491 1445.079 1445.774 1446.94 1446.94 1447.07 1448.401 1449.096 1449.756 1449.96 1450.27 1452.134 1452.26 1452.26 1452.32 1452.61 1453.24 1453.59 1453.82 1453.92 1457.76 1459.83 1460.24 1460.73 1464.72 1463.89 1466.8 1466.8 1470.464 1472.012 1473.394 1474.653 1473.31 1472.22 1470.86 1470.86 1472.04 1470.61
1428.97 1429.33 1430.21 1430.54 1431.28 1431.55 1432.56 1432.56 1432.63 1433.1 1434.29 1434.29 1435.07 1435.16 1436.09 1436.99 1437.11 1437.785 1438.524 1439.251 1440.9 1440.78 1440.78 1441.25 1441.87 1442.36 1442.69 1443.86 1443.86 1444.88 1445.95 1445.881 1447.07 1447.07 1447.07 1448.89 1449.19 1450.039 1451.111 1452.054 1452.99 1452.26 1452.26 1452.96 1452.96 1453.41 1453.97 1454.24 1458.04 1458.3 1465.68 1463.67 1463.67 1467.294 1468.749 1466.8 1471.58 1473.123 1474.756 1476.286 1477.405 1473.31 1472.22 1472.22 1474.75 1482.508 1478.71
1428.97 1429.15 1430.21 1430.54 1431.28 1431.83 1432.37 1433.22 1433.59 1434.45 1434.45 1435.07 1435.07 1436.09 1436.09 1436.99 1437.399 1438.074 1438.826 1440.92 1440.9 1440.9 1440.9 1441.46 1442.02 1442.36 1443.05 1443.86 1444.88 1444.88 1445.47 1445.89 1447.17 1447.17 1448.55 1448.89 1448.89 1450.325 1451.727 1452.879 1453.89 1452.26 1452.26 1452.71 1453.76 1453.76 1455.33 1455.33 1465.94 1465.68 1465.68 1467.49 1467.49 1475.4 1475.4 1476.63 1474.245 1475.63 1475.63 1477.02 1482.83 1473.31 1473.31 1473.02 1484.828 1485.955 1484.09
1428.74 1429.15 1430.7 1430.7 1431.28 1432.37 1432.49 1433.22 1433.59 1433.96 1434.45 1435.43 1435.72 1436.59 1436.59 1437.1 1437.694 1438.334 1439.064 1440.92 1440.92 1440.9 1441.03 1441.46 1442.45 1442.6 1444.13 1444.13 1444.74 1445.21 1445.47 1446.07 1447.17 1447.17 1448.55 1448.55 1448.89 1450.778 1452.397 1453.696 1452.71 1452.71 1452.71 1456.69 1453.76 1457.16 1457.91 1457.91 1468.45 1472.02 1469.65 1472.02 1475.64 1475.4 1475.4 1476.63 1477.46 1475.63 1475.63 1477.02 1477.02 1479.26 1487.68 1487.68 1488.99 1490.29 1484.09
1428.74 1429.08 1429.95 1431.22 1431.22 1432.18 1432.74 1433.18 1433.63 1433.96 1434.72 1435.43 1435.92 1436.59 1437.1 1437.67 1438.12 1439.48 1439.265 1440.92 1440.92 1441.11 1441.46 1441.82 1442.45 1442.79 1444.13 1444.13 1444.74 1445.21 1445.65 1446.23 1448.44 1448.44 1448.44 1448.55 1450.322 1451.737 1453.381 1454.694 1452.71 1452.71 1453.33 1456.69 1459.15 1471.23 1469.06 1469.06 1467.585 1472.02 1472.02 1473.63 1475.64 1475.4 1475.4 1476.63 1481.18 1480.16 1480.16 1477.02 1477.02 1482.83 1487.68 1487.68 1487.68 1488.99 1490.29
1429.08 1429.34 1429.95 1431.22 1431.22 1432.18 1432.83 1433.82 1434.25 1434.66 1435.02 1435.93 1436.03 1436.67 1437.38 1437.67 1438.12 1439.48 1439.48 1440.076 1441.11 1441.11 1441.69 1441.82 1442.79 1442.79 1443.45 1444 1444.98 1445.24 1445.78 1445.99 1448.44 1448.44 1448.44 1450.331 1451.439 1452.807 1454.2 1454.2 1452.71 1452.71 1455.05 1456.69 1466.85 1471.23 1471.24 1472.58 1475.29 1474.33 1474.33 1474.33 1475.58 1476.22 1478.264 1481.18 1481.18 1480.16 1480.16 1482.64 1482.91 1485.03 1487.68 1487.68 1488.99 1488.99 1495.99
1429.34 1429.55 1430.46 1431.55 1431.55 1432.9 1432.9 1433.82 1434.25 1435.07 1435.07 1435.93 1436.32 1436.63 1437.84 1437.84 1438.3 1439.48 1439.48 1440.14 1440.14 1441.26 1441.26 1442.15 1442.37 1442.97 1443.68 1444 1444.34 1445.01 1445.44 1445.81 1447.04 1448.66 1448.66 1451.32 1453.36 1453.36 1454.2 1454.2 1454.2 1455.05 1455.05 1464.505 1466.665 1475.17 1474.32 1474.32 1475.29 1476.01 1476.01 1475.58 1475.58 1478.86 1480.482 1483.56 1483.56 1483.56 1482.64 1483.66 1487.21 1489.75 1490.83 1490.83 1497.21 1496.81 1496.81
1430.2 1430.2 1430.46 1432.01 1432.01 1432.9 1433.82 1434.41 1434.41 1435.54 1435.54 1435.97 1436.63 1437.06 1438.09 1438.09 1438.4 1439.49 1439.49 1440.14 1440.14 1440.99 1441.26 1441.78 1442.26 1442.97 1443.17 1443.62 1444.28 1444.89 1445.28 1445.61 1447.7 1449.918 1451.214 1452.551 1453.36 1453.36 1457.095 1454.2 1460.626 1462.756 1465.136 1467.325 1469.471 1475.17 1475.17 1475.29 1475.92 1476.01 1476.04 1476.04 1479.51 1480.51 1483.94 1483.56 1483.56 1483.93 1486.33 1486.33 1489.75 1489.75 1496.24 1497.57 1497.21 1500.06 1503.72
1430.9 1430.9 1431.273 1432.82 1432.82 1432.82 1433.632 1434.41 1434.41 1435.58 1435.58 1436.12 1436.51 1437.02 1438.14 1438.33 1438.54 1439.49 1439.49 1439.76 1440.29 1440.58 1440.99 1441.67 1442.26 1442.97 1443.43 1443.62 1444.28 1444.51 1444.89 1447.7 1449.902 1451.111 1452.527 1453.924 1453.36 1456.911 1458.948 1460.934 1462.986 1465.41 1467.837 1470.035 1475.88 1475.17 1475.17 1478.33 1478.33 1476.51 1476.51 1476.92 1482.035 1484.08 1483.94 1483.94 1484.24 1486.64 1486.64 1489.66 1489.75 1496.24 1500.9 1501.71 1504.4 1504.67 1505.7
1431.42 1430.822 1431.449 1432.11 1432.82 1434.05 1433.896 1434.489 1435.044 1435.92 1435.92 1436.15 1436.82 1437.19 1438.52 1438.52 1438.65 1439.22 1439.58 1439.89 1440.29 1440.58 1440.98 1441.67 1442.29 1443.04 1443.43 1443.88 1444.51 1444.51 1445.72 1447.93 1451.38 1452.425 1453.886 1455.419 1456.968 1458.678 1460.861 1463.055 1465.418 1467.831 1470.234 1472.305 1475.88 1475.88 1475.88 1479.8 1479.8 1483.04 1478.45 1478.45 1484.249 1484.08 1483.94 1483.94 1486.9 1486.9 1496.44 1496.44 1499.51 1500.9 1500.9 1503 1504.4 1508.43 1508.43
1430.4 1431.42 1431.659 1432.352 1434.05 1434.05 1434.69 1435.26 1435.26 1435.69 1436.15 1436.82 1437.19 1437.19 1437.92 1438.45 1438.75 1438.89 1439.58 1439.98 1441.03 1440.98 1442.39 1442.47 1442.47 1446.36 1446.36 1445.14 1445.14 1445.72 1445.72 1450.31 1451.38 1452.88 1455.301 1456.918 1459.31 1459.31 1459.31 1465.126 1467.785 1470.309 1472.548 1474.414 1475.88 1475.88 1478.42 1478.9 1481.57 1482.01 1482.77 1484.7 1485.4 1484.08 1484.08 1485.96 1486.9 1495.44 1496.89 1501.11 1501.11 1502.31 1504.85 1506.15 1507.5 1508.92 1512.32
1430.79 1431.42 1431.947 1432.661 1434.05 1434.05 1434.68 1435.26 1435.26 1435.69 1436.48 1436.48 1436.92 1437.56 1437.83 1438.25 1438.45 1438.89 1440.33 1442.58 1443.97 1444.27 1444.27 1446.416 1447.76 1447.26 1446.36 1447.17 1447.17 1447.12 1447.12 1450.31 1452.11 1454.85 1455.98 1457.95 1459.31 1459.31 1459.31 1467.154 1470.015 1474.25 1474.97 1474.97 1478.42 1478.42 1478.42 1481.22 1481.57 1482.01 1482.77 1484.7 1484.7 1485.4 1486.05 1494.56 1496.22 1500.78 1501.38 1502.4 1503.96 1504.13 1504.85 1505.22 1510.48 1515.08 1518.15
1430.79 1431.53 1432.271 1432.969 1434.68 1434.68 1435.8 1435.8 1435.8 1436.466 1436.48 1436.48 1436.92 1437.56 1437.83 1438.01 1438.58 1439.34 1443.315 1443.97 1445.57 1445.57 1445.57 1450.93 1447.76 1447.36 1447.26 1447.65 1447.65 1448.01 1448.48 1451.14 1454.85 1455.98 1455.98 1457.95 1457.95 1459.31 1460.53 1472.31 1472.31 1474.25 1474.25 1474.97 1479.901 1478.42 1479.09 1481.22 1483.19 1484.53 1484.53 1484.7 1485.4 1489.57 1502.41 1500.24 1500.24 1503.38 1503.38 1503.38 1504.15 1504.61 1504.85 1515.02 1515.02 1519.65 1520.82
1431.04 1431.53 1433.46 1433.46 1434.38 1434.521 1435.8 1435.8 1435.8 1436.837 1436.92 1436.92 1437.21 1437.56 1438.01 1438.22 1438.81 1442.18 1446.96 1445.57 1445.57 1445.57 1447.18 1450.93 1448.87 1448.87 1450.29 1450.97 1449.51 1449.99 1449.99 1452.13 1457.18 1457.39 1457.96 1457.95 1459.29 1461.21 1461.21 1472.31 1472.31 1474.25 1474.25 1476.72 1480.74 1479.09 1479.09 1483.42 1489.73 1489.73 1489.41 1489.41 1498.41 1495.724 1502.41 1502.41 1503.4 1503.38 1503.54 1504.56 1504.61 1504.9 1505.49 1506.31 1515.02 1523.71 1522.6
1431.27 1431.71 1433.46 1433.46 1433.46 1434.38 1434.76 1435.01 1436.61 1436.61 1437.89 1437.32 1438.15 1438.16 1438.16 1438.9 1439.31 1442.18 1446.96 1445.92 1445.92 1446.56 1449.31 1450.93 1450.93 1453.85 1454.02 1454.02 1454.16 1453.65 1453.65 1457.18 1457.86 1459.19 1459.19 1460.25 1462.03 1462.03 1465.76 1472.31 1472.31 1479.57 1479.36 1480.74 1480.74 1485.06 1484.11 1484.11 1494.27 1497.87 1497.99 1498.41 1498.41 1502.3 1502.41 1502.41 1503.93 1504.16 1504.39 1504.63 1505.08 1505.38 1505.81 1509.84 1515.68 1516.71 1523.71
1431.02 1432.36 1433.46 1433.46 1433.65 1434.38 1434.61 1435.36 1436.08 1436.61 1436.71 1437.24 1437.83 1438.15 1439.9 1439.9 1443.94 1443.94 1446.41 1446.96 1447.95 1451.45 1451.45 1455.21 1455.96 1455.96 1459.05 1456.56 1458.03 1458.03 1457.65 1458.89 1459.28 1459.28 1460.25 1462.5 1462.83 1468.88 1473.68 1473.68 1480.01 1479.57 1479.36 1480.74 1482.22 1485.55 1485.06 1487.84 1494.27 1497.87 1497.99 1501.09 1502.14 1506.64 1503.98 1503.98 1504.53 1504.53 1504.59 1504.93 1505.72 1506.07 1506.26 1509.84 1518.18 1525.35 1525.35
1432.965 1433.654 1434.265 1433.65 1433.65 1434.61 1434.69 1435.2 1436.08 1436.63 1436.71 1437.24 1437.75 1438.44 1444.55 1444.55 1447.23 1446.41 1448.06 1448.73 1450.17 1455.21 1455.21 1455.21 1457.93 1457.93 1459.05 1460.18 1460.18 1459.77 1459.31 1459.83 1459.86 1459.86 1461.16 1462.5 1462.83 1470.842 1473.68 1473.68 1480.01 1479.57 1479.57 1481.9 1484.09 1489.23 1488.83 1488.83 1498.29 1497.87 1503.1 1503.1 1506.64 1506.64 1507.77 1504.65 1504.65 1504.94 1505.17 1505.17 1505.72 1506.05 1506.61 1512.85 1517.71 1525.35 1525.35
1434.14 1434.553 1435.142 1436.24 1434.69 1434.69 1435.2 1435.5 1436.63 1436.63 1436.96 1437.3 1437.75 1439.33 1444.56 1447.13 1447.23 1449.52 1449.52 1451.83 1452.66 1456.05 1456.53 1456.8 1458.02 1459.51 1458.263 1462.45 1461.52 1460.75 1460.72 1460.72 1460.95 1461.24 1462.85 1464.09 1464.09 1472.956 1477.3 1477.3 1481.35 1481.35 1481.35 1485.41 1486.66 1489.23 1492.61 1496.38 1502.42 1503.07 1508.66 1509.94 1509.94 1509.66 1509.66 1507.63 1506.13 1506.13 1505.4 1505.4 1506.03 1506.28 1508.21 1510.68 1518.572 1520.779 1522.938
1434.14 1435.43 1435.53 1435.53 1436.24 1435.47 1435.47 1435.95 1436.21 1436.92 1437.26 1437.53 1441.32 1441.32 1447.13 1447.13 1448.51 1449.67 1451.7 1452.22 1456.05 1456.05 1458.05 1458.05 1462.7 1462.7 1462.7 1462.45 1461.52 1461.52 1461.8 1460.95 1461.45 1462.68 1463.78 1470.55 1472.645 1475.435 1480.54 1480.54 1480.69 1481.35 1482.94 1484.89 1488.62 1494.99 1494.99 1502.42 1502.42 1507.82 1508.66 1509.94 1509.94 1510.7 1510.45 1509.76 1509.76 1510.35 1507.68 1507.68 1507.26 1508.32 1510.68 1511.73 1518.62 1528.21 1528.21
1435.43 1435.43 1435.53 1435.53 1436.24 1436.35 1436.18 1436.18 1436.53 1437.08 1437.53 1437.97 1442.87 1443.57 1447.13 1448.6 1451.18 1453.7 1453.91 1457.94 1457.94 1460.12 1461.95 1461.95 1461.95 1462.7 1462.7 1463.41 1462.94 1462.82 1462.14 1462.14 1462.3 1465.48 1465.81 1473.54 1475.398 1478.213 1480.54 1480.54 1480.69 1482.94 1484.89 1486.71 1494.42 1495.11 1502.63 1502.63 1506.73 1507.82 1508.66 1509.94 1509.94 1512.24 1510.7 1510.12 1510.35 1510.56 1510.22 1509.55 1509.55 1510.58 1510.58 1511.73 1521.43 1528.21 1528.21
1435.43 1435.76 1436.49 1438.28 1436.35 1436.35 1436.53 1436.6 1437.08 1437.5 1437.97 1438.1 1445.56 1445.56 1449.86 1451.23 1452.92 1455.86 1455.86 1457.94 1457.94 1459.66 1460.65 1461.95 1461.95 1462.83 1463.12 1465.38 1465.72 1462.82 1462.84 1462.8 1462.8 1465.48 1466.58 1475.52 1478.174 1480.929 1480.54 1480.54 1483.53 1485.28 1490.65 1494.42 1494.42 1500.91 1504.02 1505.5 1508.24 1513.02 1513.02 1513.02 1513.26 1515.32 1513.52 1514.4 1511.24 1511.24 1511.13 1511.13 1511.04 1510.58 1514.32 1518.95 1523.74 1529.77 1528.21
1441.74 1439.74 1439.17 1439.17 1439.29 1439.29 1441.05 1437.21 1437.97 1437.97 1439.06 1439.74 1447.43 1449.86 1451.6 1454.88 1456.49 1456.6 1458.29 1458.44 1459.66 1459.66 1460.65 1461.95 1462.48 1464.35 1465.38 1466.32 1465.72 1466.19 1468.219 1465.41 1465.41 1468.51 1468.51 1478.095 1480.17 1480.17 1482.16 1482.16 1483.56 1487.37 1496.5 1497.2 1500.91 1500.91 1506.92 1508.27 1513.15 1521.75 1513.02 1523.92 1519.5 1521.35 1517.1 1517.1 1517.24 1517.2 1517.2 1515.35 1515.79 1514.32 1518.63 1519.25 1523.74 1529.77 1529.77
