2006.asc
ncols         652
nrows         594
xllcorner     271106.72
yllcorner     4178525.2
cellsize      1
NODATA_value  -9999
[rows 203 to 231 of 594, columns 335 to 401 of 652]
2048.5 2047.38 2045.62 2045.62 2049.29 2046.679 2046.231 2045.864 2045.452 2044.945 2044.257 2043.596 2043.061 2046.43 2041.896 2042.73 2042.62 2041.65 2040.2 2036.6 2036.6 2036.58 2034.42 2034.42 2034.6 2031.28 2030.05 2030.05 2027.34 2027.29 2027.29 2024.61 2023.74 2023.74 2021.6 2020.54 2012.78 2011.22 2011.22 2007.28 2006.22 2005.6 2003.44 2002.93 2002.93 2000.18 1999.88 1999.79 1998.16 1997.13 1996.31 1994.55 1991.91 1989.94 1989.57 1988.36 1988.31 1988.31 1988.34 1985.08 1984.5 1984.5 1981.23 1980.79 1981.03 1980.87 1978.67
2050.05 2050.05 2049.64 2049.29 2049.29 2048.099 2047.66 2047.188 2046.643 2046.077 2045.354 2044.732 2046.54 2046.25 2046.25 2042.73 2042.73 2041.46 2040.2 2038.46 2038.46 2038.46 2036.69 2036.69 2036.74 2036.74 2029.99 2029.99 2027.79 2027.29 2027.29 2024.85 2023.74 2023.78 2021.6 2021.6 2013.89 2011.22 2011.16 2006.7 2005.37 2004.35 2003.44 2002.37 2001.8 1999.95 1999.02 1999.02 1998.16 1997.08 1996.44 1992.22 1991.72 1989.94 1989.57 1988.36 1987.9 1987.8 1987.23 1985.08 1984.5 1984.5 1980.58 1980.46 1980.46 1978.36 1978.22
2050.05 2050.05 2049.64 2049.29 2049.29 2049.38 2048.859 2048.214 2047.498 2046.801 2048.11 2048.11 2046.54 2046.25 2046.25 2042.225 2042.84 2041.46 2040.2 2038.46 2038.46 2034.79 2034.79 2032.87 2032.87 2031.569 2029.99 2029.47 2029.47 2027.5 2027.31 2025.95 2025.02 2024.76 2022.05 2021.15 2021.15 2011.11 2010.13 2006.7 2004.48 2003.68 2003.68 2002.06 2000.88 1999.95 1998.51 1998.44 1998.44 1992.74 1992.67 1991.92 1991.31 1991.26 1989.58 1987.67 1987.51 1986.37 1986.37 1985.46 1984.5 1981.03 1980.58 1979.23 1979.01 1978.29 1977.85
2051.17 2051.17 2051.52 2049.38 2049.38 2053.46 2049.767 2048.974 2048.081 2047.265 2048.11 2048.11 2046.83 2046.25 2046.25 2044.32 2043.34 2041.46 2041.17 2041.17 2039.72 2034.36 2033.74 2032.58 2031.67 2031.67 2029.57 2029.47 2029.47 2027.5 2027.31 2027.07 2025.68 2024.76 2021.2 2020.63 2020.63 2011.11 2009.27 2009.27 2003.82 2002.59 2002.59 2002.06 1999.92 1999.92 1998.51 1997.87 1997.87 1992.35 1991.84 1991.31 1989.25 1988.5 1989.8 1987.31 1987.31 1985.3 1985.3 1985.3 1981.22 1980.32 1980.32 1978.95 1978.88 1977.69 1976.74
2052.13 2051.52 2051.82 2054.79 2053.46 2053.46 2050.56 2049.612 2048.626 2047.68 2047.97 2047.97 2046.86 2046.5 2046.46 2044.12 2043.52 2042.97 2041.17 2041.07 2040.01 2033.15 2033.15 2032.58 2031.46 2031.23 2029.57 2028.61 2028.61 2026.115 2026.84 2026.84 2026.84 2021.34 2021.2 2019.95 2016.49 2011.16 2007.93 2007.09 2003.82 2002.2 2001.71 2002.06 1999.7 1999.7 1998.51 1997.87 1997.87 1992.35 1991.37 1990.26 1989.25 1987.48 1987.48 1984.52 1984.52 1985.1 1982.68 1982.68 1980.91 1979.14 1979.14 1978.63 1978.63 1973.16 1972.23
2052.36 2052.36 2055.73 2054.79 2053.46 2053.46 2051.057 2050.104 2049.048 2047.982 2047.44 2047.44 2047.44 2045.88 2045.55 2043.94 2043.52 2042.62 2041.31 2040.9 2034.96 2033.15 2033.15 2032.58 2030.63 2029.7 2029.7 2028.2 2028.2 2025.67 2026.84 2026.3 2021.96 2020.7 2019.16 2018 2015.79 2015.79 2006.83 2005.92 2005.92 2002.2 2001.43 2001.43 1999.7 1999.64 1998.55 1998.21 1997.21 1991.25 1990.99 1989.48 1989.25 1986.85 1986.8 1984.37 1983.59 1983.59 1982.18 1982.18 1980.91 1977.89 1977.84 1978.63 1974.13 1973.16 1972.17
2056.27 2055.45 2055.45 2054.79 2054.79 2052.404 2051.481 2050.515 2049.42 2048.27 2047.44 2046.8 2046.8 2045.71 2044.77 2043.94 2043.19 2042.56 2041.31 2039.25 2034.92 2033.91 2032.79 2032.79 2030.16 2028.23 2028.23 2028.2 2026.66 2025.175 2023.722 2026.3 2020.84 2019.5 2019.16 2017.32 2014.8 2013.93 2006.27 2005.11 2004.68 2002.29 2001.43 2001.43 1999.88 1999.64 1999.64 1997.88 1996.72 1991.25 1990.99 1989.48 1989.48 1986.66 1986.19 1983.85 1983.48 1983.48 1981.43 1981.27 1981.43 1976.22 1975.71 1974.42 1973.55 1973.32 1972.17
2056.34 2055.45 2055.45 2055.45 2053.529 2052.773 2051.869 2050.87 2049.728 2050.6 2047.64 2046.8 2046.8 2045.38 2044.73 2044.45 2043.19 2042.48 2042.36 2039.25 2034.92 2033.91 2032.3 2031.75 2030.16 2027.66 2027.14 2025.84 2025.58 2025.84 2023.14 2021.482 2020.84 2019.5 2018.45 2016.28 2008.86 2007.99 2005.87 2003.95 2003.95 2003.95 2001.43 2001.43 2000.21 1999.71 1999.71 1997.16 1996.21 1995.71 1990.17 1989.6 1988.51 1986.21 1986.19 1982.74 1982.74 1981.1 1981.43 1979.51 1981.27 1975.67 1975.44 1974.42 1973.37 1973.05 1972.17
2056.7 2056.91 2055.45 2054.608 2053.827 2054.45 2054.03 2053.52 2049.927 2049.34 2049.34 2046.8 2046.8 2043.53 2043.1 2042.65 2043.1 2042.48 2041.76 2040.03 2038.48 2033.98 2032.3 2030.46 2030.16 2026.36 2026.36 2025.84 2024.75 2024.38 2022.568 2020.896 2019.213 2018.27 2017.28 2013.95 2008.86 2007.52 2005.87 2003.86 2003.65 2003.65 2001.66 2001.66 2001.66 1999.86 1999.8 1997.16 1993.62 1992.42 1989.88 1989.78 1987.82 1986.21 1986.19 1982.74 1982.27 1981.1 1981.1 1979.12 1978.74 1975.26 1974.78 1974.66 1973.37 1972.74 1971.79
2057.33 2058.77 2055.714 2054.847 2055.8 2054.45 2053.25 2052.36 2053.25 2048.58 2048.58 2046.95 2046.43 2043.53 2042.5 2042.3 2042.3 2039.336 2039.5 2038.45 2036.74 2033.98 2031.01 2029.77 2029.77 2025.82 2025.15 2025.15 2023.69 2023.61 2023.61 2020.405 2018.48 2018.27 2016.66 2013.95 2011.93 2006.2 2006.2 2003.64 2003.49 2003.49 2001.66 2001.66 2001.66 2000.14 1998.62 1998.62 1992.25 1991.98 1989.88 1989.83 1987.82 1986.66 1986.66 1982.74 1981.34 1981.1 1981.1 1977.67 1976.87 1975.26 1974.78 1974.63 1973.64 1972.74 1971.79
2058.69 2058.83 2056.113 2055.137 2055.22 2055.22 2052.96 2051.49 2051.49 2048.58 2047.62 2048.58 2046.43 2045.19 2042.43 2039.93 2039.93 2039.22 2037.97 2038.11 2034.3 2033.6 2031.01 2028.48 2028.48 2025.11 2024.35 2024.35 2023.25 2022.85 2023.18 2023.38 2018.48 2018.48 2016.66 2015.85 2011.93 2006.2 2005.37 2003.64 2003.49 2003.49 2001.95 2001.66 2001.75 1999.58 1998.62 1995.51 1991.48 1991.26 1991.26 1986.25 1985.33 1985.23 1983.01 1982.75 1981.34 1981.34 1980.328 1977.67 1976.87 1976.87 1974.78 1974.27 1974.27 1972.76 1972.07
2058.83 2059.29 2059.29 2057.4 2053.22 2053.22 2052.96 2050.97 2050.54 2047.9 2047.33 2047.33 2046.43 2044.99 2042.43 2039.93 2039.15 2037.03 2035.97 2034.67 2034.3 2031.26 2031.26 2028.15 2027.07 2025.11 2024.07 2023.52 2023.25 2022.85 2022.85 2021.51 2018.94 2018.48 2017.08 2014.37 2012.88 2006.2 2005.37 2004.06 2003.49 2003.49 2002.23 2001.78 2000.87 1999.58 1995.42 1994.5 1991.48 1990.71 1990.71 1985.71 1985.33 1983.8 1982.94 1982.94 1982.94 1979.81 1979.81 1977.67 1976.87 1976.87 1974.76 1974.27 1974.27 1972.76 1972.25
2060.34 2059.29 2059.29 2056.6 2053.21 2053.11 2053.11 2049.96 2049.96 2047.85 2047.25 2046.83 2045.028 2044.72 2044.72 2040.44 2038.15 2037.03 2035.97 2034.67 2031.07 2030.56 2030.34 2027.52 2025.67 2025.67 2023.69 2022.99 2022.99 2022.85 2022.85 2021.51 2020.42 2018.96 2018.96 2012.1 2010.97 2010.53 2005.37 2005.37 2003.72 2003.52 2003.52 2001.34 2000.2 2000.2 1995.42 1993.78 1993.78 1988.57 1987.88 1985.71 1984.85 1983.8 1982.94 1982.94 1982.94 1979.81 1979.81 1978.899 1977.905 1975.85 1974.76 1974.27 1974.27 1972.83 1972.37
2060.5 2060.5 2057.95 2056.19 2053.21 2053.11 2053.11 2049.96 2049.63 2047.85 2047.07 2046.36 2044.805 2044.57 2044.57 2041.51 2037.86 2037.86 2035.34 2034.52 2030.67 2029.51 2028 2027.52 2025.24 2025.24 2023.21 2022.67 2022.67 2021.19 2020.82 2020.82 2019.02 2018.96 2018.96 2010.37 2010.37 2009.31 2005.37 2005.37 2004.03 2003.61 2003.66 2000.57 1999.31 1999.26 1994.67 1991.61 1990.86 1988.44 1987.43 1986.26 1984.85 1984.25 1983.8 1982.94 1982.75 1979.81 1979.81 1978.856 1976.03 1975.85 1974.99 1974.61 1974.46 1974.85 1972.83
2060.55 2059.68 2057.76 2055.56 2054.58 2053.11 2053.11 2049.99 2049.63 2049.63 2046.73 2046.33 2046.33 2044.57 2044.33 2044.33 2037.86 2037.86 2034.6 2032.96 2029.92 2028.45 2026.91 2026.16 2025.24 2025.24 2022.77 2022.43 2022.27 2021.19 2020.82 2020.58 2019.02 2015.37 2015.37 2010.3 2009.6 2008.5 2005.37 2005.37 2004.15 2003.85 2003.85 2000.57 1998.52 1997.7 1994.67 1991.13 1989.72 1987.72 1986.96 1985.79 1985.06 1984.86 1984.25 1983.15 1982.75 1982.75 1978.8 1978.8 1976.03 1975.85 1976.03 1974.96 1974.95 1975.01 1973.21
2060.95 2059.68 2056.89 2055.56 2054.57 2053.2 2052.79 2050.21 2049.43 2049.43 2046.54 2046.32 2046.32 2044.18 2043.62 2043.62 2038.8 2036.58 2033.48 2032.51 2029.19 2027.65 2026.86 2026.16 2025.97 2025.71 2022.77 2022.43 2022.22 2021.19 2020.82 2018.26 2018.26 2012.25 2010.83 2009.58 2008.96 2006.07 2005.87 2005.49 2005.63 2003.92 2003.92 2004.58 1998.5 1996.56 1994.67 1990.28 1989.72 1987.72 1986.96 1985.64 1985.06 1984.86 1984.27 1980.88 1979.87 1979.87 1978.8 1978.8 1976.53 1976.03 1976.36 1975.38 1975.33 1975.33 1975.46
2058.535 2057.45 2056.7 2055.96 2053.9 2053.2 2052.67 2049.95 2048.68 2048.68 2046.54 2046.32 2046.32 2044.18 2043.48 2043.24 2039.14 2036.58 2033.48 2031.01 2029.19 2027.49 2026.78 2026.7 2026.78 2025.15 2024.76 2021.43 2021.43 2021.46 2017.325 2018.26 2018.26 2011.7 2010.02 2009.34 2008.87 2006.07 2005.98 2005.98 2006.12 2006.1 2004.58 2004.58 1996.53 1995.23 1992.91 1990.28 1989.72 1989.48 1987.03 1985.64 1985.06 1985.06 1980.89 1980.74 1979.87 1979.59 1978.96 1978.18 1978.18 1976.53 1976.61 1976.68 1975.46 1975.46 1975.73
2058.416 2057.281 2056.7 2054.81 2053.49 2053.04 2052.67 2049.95 2048.68 2048.68 2048.68 2046.51 2046.51 2044.47 2043.48 2043.24 2038.5 2035.2 2034.75 2028.22 2027.63 2026.81 2026.22 2025.99 2026.56 2024.94 2024.76 2021.43 2020.04 2019.96 2016.38 2017.04 2017.04 2011.12 2009.94 2008.96 2008.29 2006.64 2006.07 2006.12 2006.12 2006.1 1998.37 1998.37 1996.53 1991.87 1991.55 1990.36 1989.57 1989.48 1987.63 1986.01 1985.51 1982.37 1980.89 1980.74 1979.87 1979.59 1979.59 1978.14 1978.14 1977.25 1976.68 1977.1 1975.73 1975.73 1975.84
2058.227 2057.104 2056.01 2054.81 2053.49 2053.04 2052.67 2052.67 2049.56 2049.18 2049.18 2045.201 2043.565 2041.91 2043.96 2043.13 2036.65 2028.88 2028.88 2028.09 2027.05 2026 2025.37 2025.01 2025.99 2024.18 2024.18 2021.43 2018.97 2018.97 2017.62 2016.27 2016.2 2011.12 2009.36 2008.65 2008.18 2006.33 2006.17 2006.12 2006.39 2006.39 1998.37 1995.59 1995.59 1991.87 1991.23 1991.23 1989.57 1989.33 1985.83 1983.98 1983.98 1982.37 1981.67 1980.89 1980.02 1979.62 1979.62 1978.14 1978.14 1977.65 1977.37 1977.37 1977.46 1975.84 1977.04
2057.915 2056.886 2055.842 2055.64 2054.81 2053.14 2053.14 2050.458 2049.59 2049.18 2049.18 2045.74 2045.37 2044.85 2042.79 2038.78 2036.65 2028.88 2028.17 2026.51 2026.01 2025.72 2025.13 2024.22 2024.22 2020.33 2015.27 2017.96 2018.83 2018.83 2017.62 2014.94 2011.92 2009.82 2009.36 2008.65 2008.18 2006.33 2006.33 2006.42 2004.18 2004.18 1998.847 1995.12 1995.12 1991.85 1990.3 1990.3 1988.38 1987.7 1985.83 1983.94 1983.94 1982.37 1981.69 1980.99 1980.45 1979.69 1980.94 1978.38 1978.38 1978.52 1978.16 1978.16 1977.65 1977.04 1977.04
2057.05 2055.74 2055.65 2054.697 2053.723 2052.679 2051.491 2050.28 2049.59 2049.25 2048.32 2045.74 2044.45 2043.93 2039.65 2038.17 2036.73 2031.1 2027.44 2025.76 2024.24 2024.24 2025.13 2016.24 2015.9 2020.33 2013.46 2013.04 2013.46 2018.68 2018.68 2014.94 2009.35 2008.93 2008.93 2007.48 2006.71 2006.42 2005.93 2005.93 2001.82 2001.06 2001.06 1994.59 1994.46 1991.85 1990.3 1990.3 1988.38 1987.7 1986.69 1983.94 1983.94 1982.7 1981.94 1980.99 1980.74 1980.94 1981.18 1980.03 1979.32 1979.32 1979.2 1979.07 1979.3 1978.39 1978.39
2056.73 2055.47 2055.14 2055.14 2053.508 2052.41 2051.251 2050.088 2051.6 2048.97 2047.79 2047.79 2044.45 2042.61 2039.65 2036.33 2033.49 2030.73 2027.01 2025.55 2023.42 2022.95 2023.42 2016.24 2015.42 2015.42 2012.75 2012.62 2012.62 2018.68 2018.68 2016.2 2009.35 2007.04 2006.9 2006.9 2006.59 2002.79 2002.79 2005.36 1999.65 1998.59 1998.59 1993.95 1993.71 1991.85 1990.55 1990.05 1988.86 1987.7 1986.69 1985.58 1983.94 1983.5 1983.25 1982.83 1982 1981.2 1981.2 1980.03 1979.9 1979.9 1979.72 1979.62 1980.35 1979.01 1979.01
2055.46 2054.98 2054.61 2054.69 2053.263 2052.151 2051.007 2051.35 2051.35 2048.97 2047.79 2047.79 2043.99 2041.58 2041.07 2036.33 2033.41 2030.73 2026.08 2024.96 2023.42 2022.49 2019.85 2014.98 2014.45 2014.45 2012.75 2011.49 2011.37 2008.77 2008.77 2008.82 2006.9 2006.06 2006.06 2006.06 2006.2 2000.67 2000.56 2000.56 1997.89 1996.18 1996.18 1993.95 1993.71 1993.71 1990.55 1990.05 1990.05 1988.5 1987.39 1986.69 1985.22 1984.34 1983.69 1983.04 1982.38 1982 1981.68 1980.68 1980.68 1981.37 1981.66 1980.92 1980.92 1979.62 1979.99
2055.38 2054.4 2054.25 2054.03 2054.03 2051.909 2052.42 2051.35 2051.35 2051.35 2047.79 2047.79 2042.25 2039.99 2039.4 2036.55 2031.79 2030.62 2026.08 2024.96 2022.07 2021.14 2018.41 2014.45 2013.88 2013.25 2011.9 2011.09 2010.75 2008.5 2007.41 2007.41 2006.9 2005.64 2005.34 2004.61 2004 2000.67 2000.25 1999.62 1997.89 1996.18 1996.18 1994.91 1993.58 1993.58 1991.77 1990.55 1990.05 1988.89 1988.54 1987.26 1985.9 1985.9 1983.87 1983.33 1983.33 1982.75 1982.32 1982.73 1982.22 1982.11 1982.11 1981.33 1981.33 1981.87 1981.16
2054.9 2054 2054 2054 2054.03 2053.47 2052.42 2051.62 2051.25 2051.14 2045.165 2043.23 2042.25 2039.75 2037.71 2038.32 2031.18 2029.42 2026.23 2024.71 2022.07 2020.46 2017.36 2014.45 2013.37 2012.35 2011.9 2011.01 2009.26 2007.2 2006.35 2005.37 2006.38 2004.69 2004.65 2002.17 2001.37 2001.15 1999.52 1999.01 1999.01 1996.18 1996.18 1996.42 1993.58 1993.58 1993.58 1990.82 1990.19 1989.24 1988.54 1987.26 1986.99 1986.24 1984.83 1983.87 1983.91 1983.46 1983.4 1983.4 1982.81 1982.79 1982.79 1982.4 1982.17 1982.17 1981.92
2054.68 2053.61 2053.61 2053.46 2054.03 2053.47 2052.75 2051.62 2050.67 2049.65 2048.2 2047.68 2047.68 2039.75 2035.67 2034.29 2030.01 2027.39 2026.23 2024.32 2023.5 2016.69 2015.06 2015.06 2012.37 2011.83 2011.83 2009.63 2008.02 2007.2 2005.34 2005.03 2005.03 2004.27 2003.98 2002.14 2001.37 2001.15 1999.52 1999.01 1999.01 1996.82 1996.41 1996.41 1994.42 1993.58 1994.08 1991.54 1990.5 1989.41 1988.86 1987.89 1987.45 1986.24 1985.35 1985.35 1985.52 1983.93 1984 1983.83 1983.54 1983.28 1983.14 1983.57 1982.71 1983.14 1982.59
2054.68 2053.11 2052.72 2052.72 2052.92 2052.67 2052.15 2052.15 2048.4 2047.89 2048.2 2047.14 2046.39 2039.75 2034.84 2034.02 2030.01 2027.39 2027.31 2024.07 2022.6 2016.69 2015.06 2013.6 2012.37 2011.47 2010.88 2009.63 2006.8 2006.8 2005.34 2005.03 2005.03 2004.27 2003.98 2002.14 2001.57 2001.15 1999.52 1999.21 1998.79 1996.82 1996.41 1996.41 1994.74 1994.12 1993.2 1991.54 1990.5 1990.31 1988.86 1988.18 1987.45 1987.45 1986.24 1986.06 1985.97 1984.74 1984.53 1984.67 1985.67 1984.4 1985.08 1985.33 1985.15 1985.15 1985.15
2054.45 2053.11 2052.72 2052.57 2051.9 2051.9 2049.38 2048.76 2047.53 2047.27 2047.53 2046.75 2044.29 2044.29 2033.23 2031.85 2030.01 2028.28 2026.15 2022.32 2018.74 2017.46 2014.1 2012.63 2012.63 2010.55 2010.02 2007.65 2006.8 2006.8 2005.82 2005.13 2005.03 2004.23 2003.85 2002.73 2001.57 2000.91 2000.91 1998.72 1998.68 1996.93 1996.35 1996.35 1996.35 1993.69 1993.17 1991.54 1990.61 1990.31 1989.87 1988.86 1987.77 1987.77 1987.95 1986.84 1986.73 1986.24 1986.23 1986.23 1987.12 1985.76 1985.76 1987.67 1985.74 1985.58 1986.17
2054.45 2052.71 2052.71 2052.57 2051.55 2051.55 2047.97 2048.6 2047.53 2047.27 2045.43 2043.84 2042.22 2042.22 2033.23 2031.33 2031.33 2027.94 2026.15 2019.86 2017.73 2016.7 2014 2012 2011.63 2010.08 2009.42 2007.65 2007.3 2006.8 2005.82 2005.82 2005.54 2004.23 2003.85 2002.37 2001.81 2000.91 2000.91 1998.72 1998.68 1998.68 1996.35 1996.35 1996.35 1993.69 1993.17 1993.17 1990.74 1990.31 1990.18 1989.06 1987.95 1987.95 1988.62 1988.62 1987.77 1988.43 1987.16 1988.15 1988.15 1987.94 1987.67 1987.67 1986.55 1986.26 1986.87
