2006.asc
ncols         652
nrows         594
xllcorner     271106.72
yllcorner     4178525.2
cellsize      1
NODATA_value  -9999
[rows 58 to 86 of 594, columns 335 to 401 of 652]
1697.57 1697.71 1697.48 1698.94 1706.38 1702.96 1701.55 1701.55 1706.14 1706.53 1710.08 1707.91 1717.78 1719.07 1716.03 1716.03 1717.14 1715.046 1714.3 1714.3 1717.794 1722.06 1722.06 1720.981 1723.93 1724.64 1726.05 1730.16 1729.61 1729.61 1725.291 1731.65 1731.65 1731.29 1728.88 1728.88 1728.88 1726.85 1726.33 1726.33 1724.64 1724.37 1722.96 1722.96 1721.98 1721.25 1721.25 1721.65 1721.79 1725.53 1725.96 1725.96 1725.46 1725.46 1726.43 1727.5 1727.57 1728.74 1728.48 1728.36 1728.36 1727.61 1729.54 1729.54 1729.961 1729.06 1729.06
1699.43 1704.68 1704.68 1706.89 1706.38 1704.63 1705.25 1705.25 1706.14 1712.48 1717.93 1717.78 1717.78 1719.27 1719.07 1720.93 1720.93 1718.008 1718.611 1722.23 1720.377 1721.524 1731.82 1731.82 1726.78 1726.78 1732.26 1730.16 1730.16 1730.73 1727.217 1731.65 1731.65 1731.29 1731.29 1728.88 1727.189 1726.788 1726.33 1726.33 1726.52 1724.37 1723.53 1723.4 1722.49 1721.93 1721.93 1722.34 1725.53 1725.53 1725.96 1725.96 1726.08 1726.5 1727.5 1727.5 1727.92 1730.81 1730.13 1730.13 1732.16 1730.32 1729.54 1730.32 1731.531 1731.77 1730.53
1708.39 1706.12 1707.27 1706.89 1706.38 1706.38 1707.48 1707.48 1717.93 1717.93 1719.98 1716.96 1721.12 1721.62 1723.16 1723.03 1723.03 1721.028 1721.641 1722.453 1723.28 1724.318 1731.77 1731.77 1732.72 1732.72 1732.26 1732.26 1731.91 1731.91 1733.82 1731.65 1732.99 1732.05 1732.05 1728.926 1728.469 1728.98 1727.05 1726.52 1726.52 1724.37 1723.94 1723.91 1723.91 1722.49 1722.61 1724.75 1725.53 1725.53 1725.96 1726.42 1726.58 1727.74 1729.23 1728.85 1728.85 1730.81 1732.16 1732.16 1732.16 1732.47 1732.139 1735.06 1735.06 1731.77 1731.77
1704.242 1711.1 1709.74 1709.74 1712.19 1711.614 1713.118 1715.047 1722.81 1722.32 1724.16 1727.59 1725.23 1724.74 1724.74 1728.27 1723.522 1724.06 1724.688 1725.419 1731.43 1731.43 1731.77 1731.77 1732.21 1732.72 1732.26 1732.26 1730.225 1730.594 1733.82 1733.82 1732.99 1732.99 1732.56 1731.9 1731.9 1728.98 1727.96 1726.69 1726.69 1725.27 1724.28 1724.28 1724.6 1725.02 1724.75 1724.75 1726.6 1727.09 1726.42 1727.08 1728.79 1728.79 1730.45 1731.38 1731.38 1732.44 1732.58 1732.16 1732.47 1733.367 1733.809 1735.06 1735.06 1735.489 1736.369
1707.387 1708.943 1710.511 1712.064 1713.597 1715.219 1716.893 1718.594 1727.38 1725.07 1727.36 1727.36 1728.15 1726.43 1728.27 1729.27 1730.1 1730.1 1727.461 1732.65 1731.43 1731.43 1732.1 1732.1 1732.45 1732.72 1732.85 1732.85 1733.72 1732.096 1735.42 1735.42 1734.14 1732.94 1732.56 1731.9 1730.5 1728.98 1728.34 1726.69 1726.69 1725.78 1724.94 1724.6 1725.65 1726.33 1725.02 1725.42 1726.6 1727.95 1727.95 1729.48 1730.47 1730.45 1732.48 1732.44 1732.44 1732.81 1735.7 1734.07 1737.32 1737.32 1735.237 1735.06 1735.7 1736.61 1738.045
1710.721 1712.525 1714.184 1715.798 1717.172 1718.783 1720.226 1727.77 1727.38 1727.38 1727.36 1728.15 1728.95 1729.08 1729.27 1729.74 1730.1 1730.1 1730.042 1732.65 1731.43 1731.43 1733.01 1732.45 1732.77 1733.57 1733.57 1733.72 1734.81 1733.365 1735.42 1734.95 1734.14 1732.94 1732.56 1731.86 1730.5 1729.79 1729.79 1727.45 1727.13 1727.05 1727.05 1725.65 1726.51 1727.39 1728.01 1728.01 1728.25 1729.34 1729.34 1731.06 1732.48 1732.48 1732.56 1734.481 1735.25 1735.25 1735.7 1735.659 1737.32 1737.32 1736.665 1736.99 1736.61 1737.81 1739.397
1713.927 1725.33 1725.33 1718.989 1726.97 1721.795 1727.91 1727.77 1727.77 1727.77 1728.88 1728.88 1729.52 1729.71 1729.72 1729.74 1730.54 1730.1 1732.3 1733.52 1732.65 1733.01 1736.55 1734.299 1737.07 1737.07 1734.7 1734.81 1734.353 1734.366 1735.42 1734.95 1734.14 1733.1 1732.85 1731.86 1730.64 1730.38 1730.38 1728.32 1727.23 1727.23 1727.96 1727.39 1727.39 1728.95 1729.35 1729.35 1731.5 1732.37 1732.37 1734.896 1735.436 1736.3 1736.3 1739.58 1736.47 1736.47 1736.48 1737.5 1737.494 1737.825 1738.188 1737.41 1737.41 1738.02 1738.83
1716.887 1725.33 1725.33 1721.685 1726.97 1726.97 1727.91 1727.91 1727.77 1729 1729 1729.37 1730.36 1731.69 1730.26 1730.95 1731.12 1731.74 1733.68 1734.894 1737.15 1736.55 1736.55 1736.121 1737.07 1736.034 1735.771 1735.655 1735.415 1735.32 1737.88 1735.37 1735.37 1733.75 1732.85 1732.41 1731.86 1730.38 1730.38 1729.66 1729.61 1729.61 1733.25 1728.25 1728.37 1729.85 1734.174 1732.26 1732.26 1739.91 1736.828 1742.96 1737.683 1738.062 1742.28 1739.58 1739.58 1737.5 1737.5 1738.885 1739.054 1739.374 1739.634 1739.16 1738.02 1738.3 1738.83
1719.547 1725.33 1725.33 1726.07 1726.97 1726.97 1727.91 1727.91 1728.97 1729.27 1730.02 1730.36 1731.35 1732.912 1732.16 1732.16 1732.69 1733.68 1739.67 1736.75 1737.15 1736.55 1736.55 1737.886 1737.883 1737.641 1737.23 1736.95 1736.672 1736.452 1737.88 1736.47 1735.37 1735.74 1735.74 1734.18 1732.21 1731.61 1731.04 1731.79 1734.029 1733.25 1733.25 1733.16 1731.17 1731.17 1736.96 1740.88 1739.91 1739.91 1744.06 1742.96 1742.96 1740.231 1742.28 1742.28 1739.58 1740.724 1740.747 1740.713 1740.738 1740.86 1741.21 1741.21 1739.16 1739.71 1742.17
1721.793 1726 1726 1726.75 1726.719 1729.76 1728.97 1728.97 1729.86 1730.13 1733.24 1732.58 1732.58 1734.636 1734.32 1734.32 1738.6 1739.49 1739.67 1738.52 1737.15 1737.24 1741.41 1741.41 1739.375 1739.176 1738.657 1738.255 1737.94 1739.38 1737.88 1737.36 1736.51 1735.74 1735.74 1734.18 1733.53 1733.53 1732.5 1732.5 1734.98 1733.25 1733.25 1735.17 1733.16 1736.01 1738.79 1740.88 1740.88 1741.63 1744.06 1742.96 1743.34 1744.61 1746.15 1742.86 1745.67 1744.13 1744.13 1744.13 1742.275 1742.217 1741.21 1741.21 1741.93 1741.93 1742.26
1726.32 1726.71 1726.71 1727.43 1727.96 1729.32 1729.32 1729.76 1732.93 1734.11 1733.27 1733.27 1735.29 1737.84 1734.32 1734.32 1738.6 1739.67 1739.67 1745.19 1745.19 1740.695 1741.41 1741.41 1740.859 1740.593 1739.974 1739.523 1740.08 1739.38 1739.38 1737.78 1737.78 1735.74 1735.74 1737.321 1733.94 1733.94 1733.9 1733.9 1734.98 1737.73 1737.65 1740.14 1744.97 1744.97 1744.97 1743.82 1742.09 1742.09 1745.18 1744.06 1744.61 1745.64 1746.15 1745.67 1745.67 1744.13 1744.13 1744.13 1744.94 1743.491 1741.21 1741.21 1741.93 1741.93 1742.26
1726.17 1726.76 1726.76 1727.43 1728.52 1729.32 1729.32 1730.72 1732.93 1732.93 1734.13 1737.84 1737.84 1737.84 1736.98 1740.62 1740.62 1743.16 1746.07 1745.19 1745.19 1742.434 1741.41 1742.71 1742.484 1742.191 1741.474 1740.949 1740.08 1739.38 1739.38 1738.15 1737.78 1736.97 1736.97 1737.07 1737.07 1737.01 1735.02 1737.51 1737.62 1739.86 1739.86 1743.72 1744.97 1744.97 1744.97 1745.99 1744.79 1745.18 1746.33 1746.73 1746.73 1746.15 1746.4 1745.67 1745.67 1745.12 1745.12 1744.94 1744.94 1744.667 1742.61 1742.61 1745.01 1742.26 1743.02
1726.17 1726.9 1727.43 1728.35 1728.52 1729.44 1729.81 1733.17 1732.93 1733.73 1735.15 1737.06 1737.84 1737.98 1740.79 1743.97 1743.97 1748.02 1746.07 1745.19 1745.19 1746.62 1745.42 1745.42 1745.42 1743.962 1743.282 1742.682 1742.277 1740.08 1740.75 1739 1738.69 1736.97 1736.97 1737.07 1737.07 1737.01 1737.01 1739.28 1740.15 1743.19 1743.19 1744.48 1746.02 1744.97 1745.99 1747.84 1747.2 1746.33 1747.34 1748.07 1748.07 1749.3 1749.53 1747.83 1745.97 1747.15 1746.935 1744.94 1746.92 1746.92 1744.28 1744.28 1745.01 1744.18 1744.18
1726.79 1727.46 1728.35 1731.44 1731.29 1730.99 1730.99 1733.17 1733.73 1735.15 1735.15 1737.06 1740.53 1740.53 1746.44 1748.64 1748.64 1748.02 1749.8 1746.62 1746.62 1748.9 1745.42 1745.42 1746.019 1745.779 1745.285 1744.666 1744.177 1742.02 1741.63 1741.63 1742.911 1738.69 1743.04 1740.01 1740.01 1740.01 1742.62 1744.97 1746.8 1746.15 1744.87 1746.02 1747.15 1747.48 1747.48 1749.6 1753.42 1748.4 1748.56 1750.28 1752.68 1752.68 1752.68 1747.83 1747.83 1749.83 1748.427 1746.92 1746.92 1747.099 1746.73 1745.01 1745.01 1745.93 1745
1727.42 1728.36 1731.44 1731.44 1731.29 1731.29 1731.92 1733.17 1733.98 1739.3 1739.3 1739.96 1741.338 1746.44 1746.44 1746.44 1748.64 1749.8 1749.8 1748.9 1748.9 1749.05 1747.891 1747.822 1747.686 1747.515 1747.134 1746.545 1745.956 1742.02 1742.02 1743.55 1746.82 1743.04 1743.04 1743.04 1740.01 1741.67 1744.97 1744.97 1746.57 1746.15 1746.15 1747.15 1748.35 1751.51 1750.32 1750.32 1753.12 1753.4 1753.4 1753.4 1754.21 1752.68 1753.63 1749.83 1749.83 1750.703 1750.187 1749.63 1750.44 1750.44 1746.73 1745.93 1745.93 1746.31 1745.67
1728.5 1730.68 1731.96 1731.44 1731.52 1732.27 1733.98 1733.98 1734.84 1739.3 1739.3 1744.22 1744.82 1746.44 1746.44 1746.173 1749.48 1749.8 1750.99 1750.68 1749.83 1749.83 1749.828 1749.809 1749.698 1749.478 1748.91 1748.91 1748.91 1743.05 1743.05 1743.55 1746.82 1744.59 1743.04 1744.09 1744.09 1747.86 1746.57 1746.57 1746.8 1748.22 1750.59 1749.64 1749.64 1750.98 1751.51 1752.35 1753.42 1753.42 1753.4 1755.95 1754.21 1754.21 1754.79 1755.01 1752.891 1754.94 1752.047 1751.456 1750.44 1750.44 1753.75 1748.52 1747.78 1747.78 1748.39
1730.57 1730.68 1731.96 1733.31 1733.06 1733.06 1735.31 1734.84 1735.77 1741.31 1742.99 1742.99 1744.22 1747.1 1747.1 1747.971 1748.865 1749.699 1750.99 1750.68 1750.68 1750.75 1751.736 1751.82 1751.685 1751.22 1748.91 1748.57 1748.57 1745.23 1743.93 1744.55 1751.16 1745.54 1745.54 1747.63 1747.88 1748.38 1748.79 1748.79 1749.76 1751.22 1752.12 1750.59 1750.98 1752.41 1754.52 1754.14 1754.14 1754.405 1756.76 1755.95 1755.34 1754.79 1755.01 1756.02 1756.02 1754.94 1754.94 1753.288 1752.617 1751.925 1751.286 1750.17 1750.17 1750.305 1750.33
1732.96 1732.96 1732.96 1734.2 1734.2 1735.11 1735.31 1741.24 1741.24 1741.24 1742.99 1744.21 1744.82 1749 1749 1753.12 1753.12 1757.04 1757.04 1752.784 1753.172 1753.549 1753.768 1753.787 1754.78 1751.22 1751.22 1748.57 1748.57 1748.57 1748.19 1751.16 1751.16 1749.73 1748.82 1748.95 1748.95 1750.49 1751.95 1751.03 1752.55 1752.55 1753.87 1753.87 1755.3 1755.3 1754.52 1754.52 1757.02 1757.32 1756.76 1755.95 1756.73 1757.13 1756.71 1756.02 1756.02 1754.94 1754.94 1755.402 1754.767 1754.014 1753.34 1752.855 1752.534 1752.94 1752.94
1737.11 1733.81 1733.81 1734.93 1735.11 1735.42 1736.49 1741.24 1741.24 1742.81 1744.68 1749.21 1747.617 1750.03 1750.175 1753.12 1753.12 1757.04 1757.04 1757.04 1755.362 1755.806 1755.92 1755.785 1754.78 1754.78 1755.32 1749.15 1749.15 1753.87 1753.92 1753.88 1753.09 1753.15 1752.74 1752.01 1752.83 1752.83 1753.43 1754.41 1753.93 1754.28 1756.38 1755.38 1755.3 1755.94 1759.25 1757.02 1757.02 1759.12 1757.17 1756.73 1756.73 1757.13 1757.13 1757.19 1756.1 1759.76 1759.76 1757.651 1757.065 1756.39 1755.815 1755.362 1754.903 1752.94 1752.94
1736.84 1735.14 1734.93 1736.23 1736.58 1736.58 1739.81 1742.338 1742.81 1744.99 1749.21 1749.21 1750.58 1750.58 1751.562 1757.06 1753.916 1757.04 1757.04 1759.11 1759.11 1757.873 1757.994 1757.844 1754.78 1754.78 1756.15 1757.297 1755.45 1755.45 1760.68 1755.41 1760.65 1759.79 1754.48 1755.38 1754.84 1754.84 1756.02 1756.02 1755.8 1755.8 1757.75 1761.14 1758.72 1758.72 1759.25 1759.42 1759.42 1759.12 1759.12 1758.72 1758.72 1759.65 1757.89 1763.01 1763.01 1762.44 1764.25 1759.967 1759.491 1758.944 1758.451 1758.03 1757.448 1752.94 1756.499
1737.11 1736.7 1737.32 1737.32 1744.43 1740.5 1740.5 1748.32 1748.32 1748.32 1750.42 1750.42 1750.58 1750.58 1752.949 1757.06 1757.06 1758.6 1757.609 1759.11 1759.11 1759.817 1760.066 1760.065 1756.15 1756.15 1757.05 1760.043 1759.84 1759.84 1759.84 1760.65 1760.65 1759.79 1756.53 1756.53 1756.75 1756.75 1757.17 1758.68 1758.28 1757.75 1759.48 1761.14 1760.63 1760.63 1761.15 1762.4 1759.42 1760.12 1764.3 1761.25 1761.25 1764.67 1762.422 1763.01 1763.99 1764.25 1762.509 1762.229 1761.879 1761.55 1761.12 1760.663 1761.27 1757.16 1757.16
1739.54 1739.1 1739.1 1740.14 1742.05 1744.43 1744.43 1746.58 1748.32 1748.32 1751.91 1754.89 1754.89 1754.89 1754.358 1757.06 1757.06 1757.96 1759.59 1761.67 1761.81 1761.625 1762.059 1762.212 1762.325 1757.05 1762.495 1762.48 1761.51 1759.84 1760.68 1760.65 1760.65 1759.79 1759.61 1759.14 1759.11 1758.55 1760.38 1762 1762.55 1762.55 1761.14 1762.78 1761.805 1761.15 1761.15 1762.33 1761.71 1761.71 1764.3 1764.3 1764.67 1764.67 1767.94 1767.75 1767.32 1767.32 1764.604 1764.466 1764.23 1763.978 1765.55 1763.98 1761.27 1757.16 1757.16
1744.01 1741.98 1740.54 1742.05 1744.43 1744.43 1746.58 1746.58 1751.4 1751.4 1751.91 1754.89 1754.89 1754.89 1757.56 1757.67 1757.67 1758.6 1759.59 1761.67 1761.81 1763.381 1764.41 1764.41 1764.68 1768.48 1768.48 1768.48 1764.776 1768.61 1766.98 1765.22 1763.52 1762.31 1762.31 1762.05 1760.85 1762.41 1762.81 1762.66 1764.43 1764.43 1764.05 1765.46 1763.849 1762.37 1762.33 1762.33 1763.51 1764.92 1764.3 1764.3 1764.67 1767.98 1767.94 1767.75 1767.32 1767.32 1766.762 1766.687 1767.96 1766.3 1765.28 1763.98 1761.27 1758.62 1758.13
1744.01 1745.99 1744.06 1745.29 1746.18 1750.1 1750.1 1750.1 1752.39 1752.97 1755.24 1755.24 1754.89 1755.82 1756.83 1757.56 1758.34 1758.85 1760.11 1760.68 1762.68 1765.42 1764.41 1764.41 1764.68 1768.48 1768.48 1768.48 1768.84 1768.61 1766.98 1766.98 1765.22 1764.73 1763.4 1764.39 1764.31 1765.51 1765.51 1764.97 1766.73 1766.11 1766.11 1768.12 1768.12 1764.15 1763.94 1763.51 1763.51 1764.92 1764.92 1767.32 1767.32 1767.98 1767.94 1767.75 1767.75 1769.69 1768.843 1768.782 1767.96 1766.3 1765.28 1763.98 1763.98 1765.02 1759.75
1751.11 1748.85 1746.87 1746.18 1746.18 1750.23 1750.1 1752.39 1750.797 1752.301 1755.24 1755.28 1756.83 1756.83 1756.83 1757.56 1759.09 1759.46 1760.17 1765.42 1765.42 1765.42 1764.41 1764.41 1772.84 1773.73 1768.48 1768.84 1770.42 1768.61 1768.61 1770.69 1768.06 1768.06 1767.01 1770.59 1770.59 1768.29 1768.29 1768.08 1769.69 1767.83 1767.83 1768.12 1768.12 1764.53 1763.97 1763.97 1764.68 1765.75 1765.75 1767.32 1768.932 1768.37 1768.37 1769.12 1771.52 1770.29 1770.46 1770.2 1767.96 1766.3 1765.28 1765.02 1765.02 1765.02 1763.96
1751.11 1748.85 1748.85 1751.13 1749.95 1755.56 1749.963 1751.28 1757.84 1754.06 1756.22 1756.73 1758.13 1758.08 1758.08 1758.49 1760.27 1760.27 1762.16 1766.658 1765.42 1774.14 1772.84 1772.84 1772.84 1773.73 1774.2 1773.48 1773.48 1772.34 1771.93 1771.93 1770.94 1770.93 1770.9 1770.59 1770.79 1770.79 1773.28 1770.31 1770.31 1776.36 1770.069 1769.905 1772.41 1772.41 1768.09 1768.09 1768.34 1767.3 1767.3 1767.75 1771.089 1770.48 1770.48 1770.53 1771.52 1771.52 1770.46 1770.2 1768.49 1768.49 1767.14 1765.66 1766.88 1768.39 1767.86
1751.11 1748.008 1748.238 1751.13 1755.56 1755.56 1751.721 1753.121 1757.84 1756.102 1757.518 1758.705 1760.162 1761.464 1762.734 1763.919 1765.131 1762.16 1767.59 1768.265 1774.14 1774.14 1774.14 1772.84 1773.73 1773.73 1774.22 1774.2 1775.26 1776.1 1773.52 1774.24 1773.58 1772.35 1772.75 1772.53 1773.58 1773.28 1773.28 1775.09 1776.04 1776.36 1772.395 1772.053 1772.41 1772.41 1769.67 1769.67 1771.21 1770.35 1770.35 1771.1 1775.19 1774.15 1773.07 1773.07 1772.78 1771.52 1770.46 1770.2 1770.2 1770.37 1768.25 1768.25 1769.24 1773.81 1776.78
1750.278 1750.471 1750.558 1750.931 1755.56 1755.56 1753.883 1755.529 1756.864 1758.454 1759.952 1761.217 1762.686 1764.135 1765.415 1766.5 1767.612 1767.59 1767.59 1770.49 1774.7 1774.14 1775.46 1775.42 1775.42 1775.61 1776.15 1776.15 1776.1 1777.33 1777.08 1776.76 1777.12 1774.93 1774.79 1774.38 1776.67 1776.67 1776.31 1776.04 1777.83 1778.94 1774.578 1774.161 1772.41 1772.41 1771.74 1771.21 1775 1775.64 1773.89 1775.19 1775.19 1776.343 1774.15 1774.2 1772.78 1772.41 1772.3 1771.39 1771.62 1771.1 1773.46 1775.51 1775.51 1775.98 1776.78
1755.6 1753.526 1753.691 1753.94 1754.65 1755.628 1756.628 1758.43 1759.817 1761.424 1762.848 1764.227 1765.933 1767.339 1770.93 1770.93 1770.93 1773.34 1773.34 1773.34 1774.243 1775.474 1776.307 1777.03 1776.79 1776.79 1779.88 1777.24 1777.24 1781.55 1779.23 1779.7 1779.32 1778.744 1781.11 1781.11 1781.61 1780.04 1780.04 1779.5 1779.5 1778.85 1777.51 1777.51 1773.47 1773.47 1776.004 1775 1775 1775.64 1775.91 1775.91 1778.36 1779.131 1774.88 1774.88 1773.7 1773.08 1773.08 1773.1 1774.63 1780.14 1780.14 1778.58 1778.09 1784.8 1784.8
